#ifndef ROBOT_EYE_H
#define ROBOT_EYE_H

typedef enum {
  rest,
  blink,
  right,
  left,
  up,
  down,
  angry_L,
  angry_R,
  sad_L,
  sad_R,
  evil_L,
  evil_R,
  scan_H,
  scan_V,
  rip,
  peering
}patterns;

const uint8_t RE_rest[8] = {0, 126, 129, 177, 177, 129, 126, 0};
const uint8_t RE_blink[5][8] =
{{0, 124, 130, 178, 178, 130, 124, 0},
{0, 120, 132, 180, 180, 132, 120, 0},
{0, 48, 72, 120, 120, 72, 48, 0},
{0, 32, 80, 112, 112, 80, 32, 0},
{0, 32, 96, 96, 96, 96, 32, 0}};

const uint8_t RE_right[2][8] =
{
{0, 126, 129, 129, 177, 177, 126, 0},
{0, 0, 126, 129, 129, 177, 177, 126}
};

const uint8_t RE_left[2][8] =
{
{0, 126, 177, 177, 129, 129, 126, 0},
{126, 177, 177, 129, 129, 126, 0, 0}
};

const uint8_t RE_up[3][8] =
{
{0, 126, 129, 153, 153, 129, 126, 0},
{0, 126, 129, 141, 141, 129, 126, 0},
{0, 126, 129, 135, 135, 129, 126, 0}
};


const uint8_t RE_down[3][8] =
{
{0, 126, 129, 225, 225, 129, 126, 0},
{0, 126, 129, 193, 193, 129, 126, 0},
{0, 124, 130, 194, 194, 130, 124, 0}
};

const uint8_t RE_angry_L[4][8] =
{
{0, 124, 130, 177, 177, 129, 126, 0},
{0, 120, 132, 178, 177, 129, 126, 0},
{0, 112, 136, 164, 178, 129, 126, 0},
{0, 96, 144, 168, 180, 130, 127, 0}
};

const uint8_t RE_angry_R[4][8] =
{
{0, 126, 129, 177, 177, 130, 124, 0},
{0, 126, 129, 177, 178, 132, 120, 0},
{0, 126, 129, 178, 164, 136, 112, 0},
{0, 127, 130, 180, 168, 144, 96, 0}
};

const uint8_t RE_sad_L[3][8] =
{
{0, 62, 65, 153, 153, 130, 124, 0},
{0, 30, 33, 89, 154, 132, 120, 0},
{0, 14, 17, 41, 90, 132, 120, 0}
};


const uint8_t RE_sad_R[3][8] =
{
{0, 124, 130, 153, 153, 65, 62, 0},
{0, 120, 132, 154, 89, 33, 30, 0},
{0, 120, 132, 90, 41, 17, 14, 0}
};

const uint8_t RE_evil_L[2][8] =
{
{0, 124, 194, 177, 177, 193, 126, 0},
{0, 56, 68, 178, 177, 66, 60, 0}
};

const uint8_t RE_evil_R[2][8] =
{
{0, 126, 193, 177, 177, 194, 124, 0},
{0, 60, 66, 177, 178, 68, 56, 0}
};

const uint8_t RE_scan_H[4][8] =
{
{0, 126, 129, 129, 129, 189, 126, 0},
{0, 126, 129, 129, 189, 129, 126, 0},
{0, 126, 129, 189, 129, 129, 126, 0},
{0, 126, 189, 129, 129, 129, 126, 0}
};

const uint8_t RE_scan_V[6][8] =
{
{0, 126, 129, 131, 131, 129, 126, 0},
{0, 126, 129, 133, 133, 129, 126, 0},
{0, 126, 129, 137, 137, 129, 126, 0},
{0, 126, 129, 145, 145, 129, 126, 0},
{0, 126, 129, 161, 161, 129, 126, 0},
{0, 126, 129, 193, 193, 129, 126, 0}
};

const uint8_t RE_rip[2][8] =
{
{0, 126, 137, 157, 137, 129, 126, 0},
{0, 126, 129, 145, 185, 145, 126, 0}
};

const uint8_t RE_peering[4][8] =
{
{0, 60, 66, 114, 114, 66, 60, 0},
{0, 56, 68, 116, 116, 68, 56, 0},
{0, 48, 72, 120, 120, 72, 48, 0},
{0, 32, 80, 112, 112, 80, 32, 0}
};



#endif